4
6
8
12
15
16
18
20
24
27
28
30
32
36
40
42
45
48
54
56
60
63
64
70
72
80
81
84
88
90
96
100
105
108
110
112
117
120
125
126
128
135
140
144
150
152
156
160
162
168
175
176
180
184
189
190
192
200
208
210
216
224
228
234
240
243
248
250
252
256
260
264
270
272
280
288
297
300
306
308
312
315
320
324
330
336
342
343
348
350
351
352
360
375
378
380
384
392
396
400
405
408
416
420
425
432
440
441
448
450
462
468
476
480
484
486
495
500
504
512
525
528
539
540
546
550
560
567
570
572
575
576
588
594
595
600
612
616
624
625
630
640
644
648
660
672
675
680
684
686
693
696
700
702
704
714
720
729
748
750
756
768
780
784
792
798
800
810
816
825
828
832
840
855
858
864
875
880
882
884
888
891
896
900
910
912
918
920
924
931
935
936
945
950
952
960
972
980
990
1000
1008
1020
1024
1026
1040
1050
1056
1064
1071
1078
1080
1092
1100
1104
1116
1120
1122
1125
1134
1140
1144
1152
1164
1170
1176
1184
1188
1200
1215
1216
1224
1225
1232
1240
1242
1248
1250
1260
1274
1275
1280
1296
1320
1323
1344
1350
1360
1365
1368
1372
1375
1377
1380
1386
1392
1400
1404
1408
1425
1428
1430
1440
1452
1456
1458
1464
1470
1472
1482
1485
1488
1496
1500
1508
1512
1521
1530
1536
1548
1560
1566
1568
1575
1584
1596
1600
1617
1620
1632
1638
1640
1650
1656
1664
1672
1674
1680
1694
1700
1701
1710
1715
1716
1728
1740
1750
1755
1760
1764
1782
1792
1800
1815
1820
1824
1836
1840
1848
1856
1860
1862
1863
1870
1872
1875
1890
1900
1904
1911
1920
1936
1944
1960
1976
1980
1989
1995
1998
2000
2002
2015
2016
2025
2040
2048
2052
2064
2070
2079
2080
2088
2100
2106
2112
2125
2128
2142
2145
2156
2160
2176
2184
2187
2200
2205
2208
2214
2220
2223
2232
2236
2240
2244
2250
2268
2275
2277
2280
2288
2295
2300
2304
2340
2350
2352
2366
2368
2375
2376
2394
2400
2420
2430
2432
2436
2448
2450
2457
2464
2475
2480
2484
2496
2500
2508
2520
2535
2541
2548
2550
2560
2574
2576
2592
2610
2618
2625
2640
2646
2660
2662
2664
2673
2688
2700
2720
2728
2730
2736
2744
2750
2752
2754
2760
2768
2772
2783
2784
2790
2793
2800
2805
2808
2816
2820
2835
2850
2856
2860
2870
2873
2875
2880
2904
2912
2916
2940
2944
2952
2964
2970
2976
2988
2990
2992
2997
3000
3016
3024
3040
3060
3072
3078
3080
3087
3105
3108
3120
3125
3132
3135
3136
3146
3150
3159
3168
3185
3192
3200
3220
3230
3234
3240
3264
3267
3276
3300
3311
3312
3315
3325
3328
3330
3332
3344
3348
3360
3375
3380
3388
3400
3402
3416
3420
3430
3432
3440
3450
3456
3496
3500
3510
3515
3519
3520
3528
3534
3549
3552
3564
3570
3575
3584
3588
3600
3625
3630
3640
3645
3648
3660
3672
3675
3680
3696
3705
3712
3718
3720
3724
3726
3740
3744
3750
3751
3762
3773
3780
3800
3808
3822
3825
3828
3840
3861
3864
3872
3876
3887
3888
3900
3915
3920
3933
3936
3944
3948
3952
3960
3969
3978
3990
3993
3996
4000
4004
4020
4025
4032
4050
4056
4080
4095
4096
4104
4116
4125
4131
4140
4158
4160
4176
4180
4185
4199
4200
4212
4218
4224
4250
4256
4275
4277
4284
4288
4290
4300
4312
4320
4347
4350
4352
4356
4368
4374
4400
4410
4416
4420
4440
4446
4455
4464
4472
4480
4488
4500
4508
4524
4536
4550
4560
4563
4576
4590
4592
4600
4608
4620
4640
4641
4650
4655
4662
4675
4680
4698
4704
4725
4732
4736
4746
4750
4752
4784
4785
4788
4797
4800
4830
4836
4840
4845
4851
4860
4872
4875
4896
4900
4914
4928
4930
4940
4950
4960
4968
4992
5000
5016
5022
5040
5070
5075
5082
5088
5096
5100
5103
5104
5120
5124
5145
5148
5152
5160
5168
5175
5180
5184
5200
5220
5225
5236
5239
5244
5248
5250
5264
5265
5270
5278
5280
5292
5304
5313
5320
5324
5328
5346
5360
5368
5376
5390
5400
5412
5424
5434
5439
5440
5445
5460
5472
5486
5488
5500
5504
5508
5520
5525
5544
5566
5568
5577
5580
5586
5589
5600
5616
5625
5632
5664
5670
5676
5684
5700
5712
5720
5733
5740
5742
5750
5760
5775
5796
5800
5808
5814
5824
5832
5840
5850
5880
5888
5915
5916
5920
5922
5928
5929
5936
5940
5950
5967
5978
5980
5984
5985
5994
6000
6032
6045
6048
6072
6075
6080
6084
6118
6120
6125
6136
6138
6144
6150
6160
6171
6174
6188
6192
6200
6204
6210
6216
6232
6237
6240
6250
6264
6270
6272
6292
6300
6318
6336
6370
6375
6380
6384
6392
6396
6400
6405
6417
6426
6435
6440
6448
6460
6468
6475
6480
6500
6510
6517
6525
6528
6534
6536
6545
6552
6561
6591
6600
6608
6615
6624
6630
6650
6655
6656
6660
6664
6678
6688
6696
6720
6750
6760
6768
6776
6784
6786
6800
6804
6816
6820
6825
6831
6840
6860
6864
6875
6880
6885
6888
6900
6902
6912
6930
6944
6960
6975
6992
6993
6996
7000
7008
7011
7020
7038
7040
7056
7072
7084
7098
7104
7105
7106
7125
7128
7140
7150
7161
7168
7176
7182
7200
7225
7245
7250
7252
7254
7260
7280
7290
7296
7315
7326
7332
7344
7350
7360
7371
7380
7392
7410
7424
7425
7436
7440
7448
7452
7475
7480
7488
7500
7514
7524
7533
7540
7544
7546
7548
7552
7560
7590
7600
7605
7614
7616
7623
7632
7644
7650
7656
7668
7680
7700
7722
7728
7735
7744
7752
7770
7774
7776
7800
7820
7830
7840
7854
7865
7866
7872
7875
7884
7888
7896
7904
7912
7920
7938
7956
7975
7980
7986
7990
7992
7995
8000
8008
8019
8050
8056
8060
8064
8085
8092
8096
8100
8112
8125
8140
8151
8160
8184
8190
8192
8208
8228
8232
8250
8256
8260
8262
8272
8280
8316
8320
8349
8352
8360
8370
8372
8379
8398
8400
8415
8424
8448
8470
8496
8500
8505
8510
8512
8514
8520
8526
8528
8532
8540
8544
8547
8550
8556
8568
8575
8576
8580
8600
8602
8610
8613
8619
8624
8625
8640
8670
8680
8694
8700
8704
8712
8736
8745
8748
8775
8778
8788
8800
8816
8820
8832
8840
8855
8856
8874
8880
8892
8904
8910
8925
8928
8954
8960
8964
8970
8976
8991
9000
9044
9048
9061
9065
9072
9100
9108
9114
9120
9126
9152
9163
9176
9177
9180
9184
9196
9200
9216
9234
9240
9261
9280
9282
9288
9295
9300
9310
9315
9324
9328
9338
9344
9348
9350
9360
9375
9384
9396
9400
9405
9408
9438
9450
9460
9464
9472
9477
9486
9500
9504
9520
9537
9540
9548
9555
9558
9568
9570
9576
9600
9625
9633
9639
9657
9660
9672
9680
9690
9696
9702
9720
9728
9744
9747
9750
9765
9768
9775
9776
9792
9800
9828
9840
9856
9870
9880
9900
9918
9920
9922
9933
9936
9945
9963
9975
9982
9984
9990
9996
10000
10010
10032
10044
10045
10062
10064
10075
10080
10098
10108
10115
10120
10125
10140
10150
10152
10164
10176
10179
10192
10200
10206
10240
10248
10260
10285
10290
10292
10296
10304
10332
10336
10350
10353
10360
10368
10395
10400
10416
10440
10450
10465
10469
10472
10478
10488
10494
10496
10500
10512
10528
10530
10540
10556
10557
10560
10584
10608
10625
10626
10640
10647
10648
10650
10656
10672
10692
10693
10710
10720
10725
10750
10752
10773
10780
10800
10816
10829
10830
10846
10850
10857
10868
10875
10878
10880
10890
10902
10908
10912
10920
10935
10944
10962
10976
10982
10998
11000
11008
11011
11016
11025
11040
11050
11070
11088
11115
11130
11132
11136
11152
11154
11160
11172
11178
11200
11220
11223
11232
11250
11264
11280
11286
11305
11310
11316
11319
11322
11328
11339
11340
11368
11375
11385
11396
11400
11424
11440
11448
11466
11475
11480
11484
11492
11495
11500
11502
11520
11550
11552
11560
11583
11592
11594
11600
11616
11648
11662
11664
11700
11704
11718
11730
11745
11750
11760
11776
11799
11808
11825
11830
11832
11840
11844
11856
11858
11872
11875
11880
11900
11904
11907
11934
11956
11960
11968
11970
11979
11984
11988
12000
12040
12054
12060
12064
12084
12096
12200
